class 6/sketch_3d/data/bermuda.asc
ncols        39
nrows        27
xllcorner    -65.060138889000
yllcorner    32.169861111000
dx           0.014109697897
dy           0.014084373407
NODATA_value -99999
[rows 0 to 18 of 27, columns 0 to 38 of 39]
-3741.2060546875 -3724.806640625 -3705.74951171875 -3668.34375 -3654.39208984375 -3646.403564453125 -3553.892333984375 -3327.3466796875 -2854.243408203125 -2563.7392578125 -2293.090087890625 -1892.763671875 -1862.6788330078125 -1539.7733154296875 -1391.5645751953125 -1887.2750244140625 -1884.4315185546875 -1847.692138671875 -1687.6314697265625 -1613.1026611328125 -1396.9700927734375 -1318.09716796875 -1212.171142578125 -1193.2882080078125 -1086.635986328125 -1028.9019775390625 -937.60565185546875 -718.0928955078125 -740.6475830078125 -1054.9461669921875 -1435.075927734375 -1383.4359130859375 -1282.7314453125 -1384.025146484375 -1694.7646484375 -1748.918212890625 -1868.94482421875 -1946.16162109375 -1956.4661865234375
-3600.634765625 -3567.8408203125 -3576.723388671875 -3493.212158203125 -3476.619140625 -3455.098388671875 -3151.337646484375 -2789.90283203125 -2359.33642578125 -2080.30078125 -1853.7001953125 -1646.2017822265625 -1421.565185546875 -1108.393798828125 -1126.8619384765625 -1538.3203125 -1508.2607421875 -1533.411865234375 -1320.2440185546875 -1259.8814697265625 -1109.3118896484375 -880.490478515625 -791.266845703125 -758.54168701171875 -658.7291259765625 -630.58111572265625 -327.05242919921875 -55.790088653564453125 -125.28966522216796875 -779.15985107421875 -941.88470458984375 -1014.726318359375 -1036.6309814453125 -1191.8782958984375 -1395.0269775390625 -1516.2642822265625 -1544.237060546875 -1839.595703125 -1987.6534423828125
-3472.1171875 -3424.0322265625 -3338.886962890625 -3293.880859375 -3176.216796875 -3180.199462890625 -2821.8037109375 -2267.806640625 -2014.23583984375 -1792.971435546875 -1604.027587890625 -1293.9632568359375 -939.59747314453125 -749.584228515625 -781.98321533203125 -1078.9068603515625 -1019.84820556640625 -1082.7440185546875 -962.88287353515625 -847.388427734375 -573.8978271484375 -137.38775634765625 -43.9116058349609375 -46.47823333740234375 -14.101620674133300781 -22.689069747924804688 -13.797748565673828125 -2.9052748680114746094 -7.9974570274353027344 -102.29711151123046875 -521.72515869140625 -693.1842041015625 -797.63385009765625 -969.96484375 -1129.2288818359375 -1256.2725830078125 -1272.564208984375 -1672.6788330078125 -1803.81494140625
-3312.69580078125 -3286.429443359375 -3201.619140625 -2946.39013671875 -2933.88623046875 -2760.01318359375 -2221.79052734375 -1941.6953125 -1672.1099853515625 -1481.694091796875 -1232.0966796875 -938.63958740234375 -506.34796142578125 -298.8392333984375 -210.9081268310546875 -480.209442138671875 -553.76654052734375 -361.593353271484375 -313.007476806640625 -268.1815185546875 -33.8996124267578125 -12.834044456481933594 -19.150379180908203125 -18.5154266357421875 -13.497531890869140625 -14.316778182983398438 -16.568555831909179688 -12.618042945861816406 -10.14861297607421875 -14.660227775573730469 -19.101230621337890625 -133.300140380859375 -551.57525634765625 -651.2181396484375 -758.68170166015625 -1015.7344970703125 -1288.8472900390625 -1375.592041015625 -1611.3057861328125
-3096.150634765625 -2955.131591796875 -2869.1865234375 -2798.3603515625 -2499.1044921875 -2179.721435546875 -1917.533203125 -1631.024658203125 -1337.5943603515625 -1116.1767578125 -840.14776611328125 -533.1285400390625 -217.553741455078125 -46.191135406494140625 -26.539869308471679688 -7.05005645751953125 -42.8493804931640625 -32.84183502197265625 -27.879693984985351562 -20.250337600708007812 -19.530538558959960938 -11.843619346618652344 -6.5679593086242675781 -8.4778528213500976562 -15.836613655090332031 -13.700453758239746094 -11.16840362548828125 -11.511179924011230469 -15.189558982849121094 -22.163293838500976562 -23.206363677978515625 -20.937969207763671875 -35.892826080322265625 -337.4776611328125 -684.546142578125 -805.2550048828125 -1112.7779541015625 -1287.328369140625 -1665.6591796875
-3051.211669921875 -2782.006103515625 -2547.21240234375 -2307.57568359375 -2114.381591796875 -1895.3487548828125 -1631.29150390625 -1338.3211669921875 -1018.69354248046875 -757.10675048828125 -430.908294677734375 -214.2867889404296875 -7.22864532470703125 -10.874497413635253906 -22.894029617309570312 -16.943193435668945312 -18.254039764404296875 -15.611004829406738281 -11.470860481262207031 -6.7437167167663574219 -5.5950016975402832031 -7.7933368682861328125 -5.8714075088500976562 -7.1465411186218261719 -5.6044335365295410156 -6.3050556182861328125 -3.8490493297576904297 -6.7010836601257324219 -12.993046760559082031 -18.013742446899414062 -20.008544921875 -20.972135543823242188 -22.929063796997070312 -19.092531204223632812 -332.6234130859375 -720.39141845703125 -959.61480712890625 -1178.018798828125 -1401.4671630859375
-2926.299072265625 -2661.366943359375 -2307.341552734375 -2004.9361572265625 -1851.3089599609375 -1650.296875 -1385.2008056640625 -1090.6103515625 -768.50830078125 -496.162811279296875 -204.237548828125 -215.72247314453125 -27.70285797119140625 -20.48980712890625 -21.5045928955078125 -14.365214347839355469 -7.1494164466857910156 -5.6792540550231933594 -8.1563539505004882812 -9.0508937835693359375 -8.2235860824584960938 -7.7420954704284667969 -6.8343329429626464844 -3.7490611076354980469 -3.6973617076873779297 -5.870723724365234375 -4.6009502410888671875 -4.5799279212951660156 -8.0032672882080078125 -11.112566947937011719 -15.506807327270507812 -19.1419830322265625 -26.920942306518554688 -10.486677169799804688 -34.48691558837890625 -430.88079833984375 -782.40478515625 -955.8154296875 -1534.240966796875
-2860.796142578125 -2571.081787109375 -2218.841796875 -1948.402099609375 -1701.7108154296875 -1458.96142578125 -1175.0167236328125 -874.87933349609375 -558.18609619140625 -308.14105224609375 -215.011566162109375 -254.195526123046875 -22.79087066650390625 -23.200117111206054688 -17.26264190673828125 -6.9051990509033203125 -14.039637565612792969 -11.926099777221679688 -16.122114181518554688 -13.839360237121582031 -17.879352569580078125 -13.444397926330566406 -10.649900436401367188 -7.8523836135864257812 -9.2746725082397460938 -5.0514283180236816406 -7.0417356491088867188 -10.439499855041503906 -6.4510674476623535156 -5.1662478446960449219 -11.451967239379882812 -14.008731842041015625 -19.109865188598632812 -13.118946075439453125 -8.6773729324340820312 -48.45638275146484375 -719.49969482421875 -1206.653076171875 -1532.0849609375
-2716.771484375 -2471.91455078125 -2190.76318359375 -1905.25244140625 -1588.142333984375 -1290.7220458984375 -986.52972412109375 -681.34930419921875 -367.956512451171875 -210.1082000732421875 -263.3243408203125 -254.0431365966796875 -22.806745529174804688 -16.477437973022460938 -8.170680999755859375 -6.3488097190856933594 -13.448534965515136719 -13.357774734497070312 -15.224901199340820312 -17.217954635620117188 -17.025468826293945312 -18.539472579956054688 -16.090167999267578125 -12.942089080810546875 -12.859422683715820312 -16.637632369995117188 -6.7021150588989257812 -15.038728713989257812 -18.052068710327148438 -13.899936676025390625 -10.174098968505859375 -13.603368759155273438 -21.655412673950195312 -15.479378700256347656 -23.265558242797851562 -22.623552322387695312 -411.538848876953125 -923.74786376953125 -1309.243408203125
-2655.9482421875 -2426.030029296875 -2114.78662109375 -1803.6287841796875 -1426.9520263671875 -1097.99609375 -791.8795166015625 -508.98272705078125 -235.6600494384765625 -80.1555633544921875 -24.162050247192382812 -10.356541633605957031 -15.899950981140136719 -4.1601724624633789062 -7.4342336654663085938 -8.9291324615478515625 -10.455810546875 -2.7317023277282714844 -16.324680328369140625 -16.012884140014648438 -11.079897880554199219 -14.601070404052734375 -13.817549705505371094 -14.095186233520507812 -17.831691741943359375 -12.861245155334472656 -11.539278030395507812 -11.818372726440429688 -9.1644525527954101562 -14.281919479370117188 -10.827604293823242188 -16.385540008544921875 -20.850475311279296875 -23.463117599487304688 -23.266698837280273438 -20.714107513427734375 -216.6082000732421875 -571.6346435546875 -806.07354736328125
-2548.142822265625 -2329.034912109375 -1928.0462646484375 -1572.3089599609375 -1178.16357421875 -845.20703125 -547.1131591796875 -328.51580810546875 -216.487548828125 -277.432586669921875 -22.127927780151367188 -19.284273147583007812 -6.5023794174194335938 -5.6503472328186035156 -7.9940271377563476562 -14.318830490112304688 -18.559297561645507812 -16.050556182861328125 -10.40239715576171875 -12.108008384704589844 -13.509444236755371094 -14.369459152221679688 -14.82224273681640625 -15.142833709716796875 -15.792385101318359375 -16.472280502319335938 -17.592891693115234375 -5.2234325408935546875 -7.8345141410827636719 -10.785670280456542969 -14.678445816040039062 -17.565546035766601562 -21.408458709716796875 -21.600000381469726562 -17.691982269287109375 -226.61572265625 -639.1202392578125 -871.939453125 -1049.5994873046875
-2386.68310546875 -2065.2294921875 -1621.098388671875 -1212.076416015625 -844.2044677734375 -553.852783203125 -300.46405029296875 -208.38409423828125 -57.406276702880859375 -4.6127810478210449219 -19.9026336669921875 -6.7109060287475585938 -10.514361381530761719 -11.806664466857910156 -10.738551139831542969 -11.200739860534667969 -4.1689333915710449219 -4.4704418182373046875 -11.624670982360839844 -9.8046731948852539062 -7.9505863189697265625 -13.80564117431640625 -14.557730674743652344 -14.7293548583984375 -15.633572578430175781 -16.290304183959960938 -16.91644287109375 -1.6545737981796264648 -5.3448157310485839844 -12.444540977478027344 -14.454514503479003906 -18.34766387939453125 -19.052616119384765625 -19.67775726318359375 -192.799163818359375 -601.6365966796875 -868.53955078125 -1041.9752197265625 -1202.5546875
-2003.2730712890625 -1648.8175048828125 -1204.15576171875 -768.9163818359375 -442.286041259765625 -270.760589599609375 -235.0341339111328125 -260.757049560546875 -127.82689666748046875 -17.225202560424804688 -10.232541084289550781 -4.5411772727966308594 -7.2421231269836425781 -9.9819421768188476562 -9.7896432876586914062 -11.407036781311035156 -14.8163909912109375 -14.4040985107421875 -11.722895622253417969 -11.954893112182617188 -11.764154434204101562 -11.130764007568359375 -6.1103315353393554688 -13.439561843872070312 -16.776243209838867188 2.4298107624053955078 -12.142621040344238281 -10.318399429321289062 7.4537487030029296875 -8.3730936050415039062 -21.215497970581054688 -21.995222091674804688 -20.388019561767578125 -221.0728607177734375 -607.677001953125 -899.1224365234375 -1027.487548828125 -999.95233154296875 -1137.9219970703125
-1619.1123046875 -1201.9361572265625 -777.546142578125 -343.07684326171875 -231.4244537353515625 -23.425653457641601562 -11.614764213562011719 -21.395709991455078125 -13.42615509033203125 -11.07834625244140625 -4.8802113533020019531 -7.28900909423828125 -13.5516510009765625 -12.657038688659667969 -7.4171934127807617188 -13.522231101989746094 -12.603707313537597656 -13.321271896362304688 -8.7748727798461914062 -10.47161865234375 -11.547090530395507812 -11.260580062866210938 -9.9260854721069335938 -11.672403335571289062 -3.6640765666961669922 2.029659271240234375 2.9943208694458007812 -5.2005696296691894531 -2.8847882747650146484 -5.2264080047607421875 -17.4115142822265625 -20.241800308227539062 -92.60321807861328125 -572.63751220703125 -797.15008544921875 -1036.722900390625 -1219.2987060546875 -1208.19287109375 -1301.0263671875
-1256.01025390625 -753.29425048828125 -410.98040771484375 -233.964752197265625 -27.448816299438476562 -17.22435760498046875 -17.564615249633789062 -11.878705024719238281 -5.95015716552734375 -11.433359146118164062 -4.3896274566650390625 -8.5575466156005859375 -13.302870750427246094 -9.2925872802734375 -14.890167236328125 -13.953537940979003906 -15.773838996887207031 -10.337163925170898438 -8.1057300567626953125 -9.47370147705078125 -11.471001625061035156 -11.593178749084472656 -11.50104522705078125 19.83055877685546875 6.3387227058410644531 -12.475491523742675781 -9.6998882293701171875 -4.4910945892333984375 -3.2321221828460693359 -15.618762969970703125 -19.357391357421875 -86.82245635986328125 -510.35955810546875 -779.15960693359375 -974.333251953125 -1134.0743408203125 -1283.1519775390625 -1465.5555419921875 -1543.5328369140625
-895.95819091796875 -380.339202880859375 -219.34295654296875 -38.9652252197265625 -14.433858871459960938 -13.164460182189941406 -5.7979478836059570312 -6.4121847152709960938 -7.13909149169921875 -8.47953033447265625 -7.6187577247619628906 -9.4945621490478515625 -10.910442352294921875 -9.8820362091064453125 -8.391811370849609375 -15.099455833435058594 -12.250119209289550781 -9.6502256393432617188 -8.07665252685546875 -8.08538818359375 -10.419640541076660156 -11.089421272277832031 -4.5806403160095214844 -0.35489916801452636719 -0.22422179579734802246 6.5602865219116210938 6.3788599967956542969 -3.9035508632659912109 -18.064296722412109375 -219.26690673828125 -426.883544921875 -633.96124267578125 -833.39788818359375 -909.8702392578125 -1025.3961181640625 -1204.6387939453125 -1290.0220947265625 -1437.8995361328125 -1599.70068359375
-599.00396728515625 -210.274322509765625 -41.34401702880859375 -22.3665313720703125 -15.3963470458984375 -3.9205365180969238281 -4.2299513816833496094 -4.757843017578125 -14.175967216491699219 -6.9248948097229003906 -11.12646484375 -10.802868843078613281 -10.260715484619140625 -8.9398097991943359375 -8.0089244842529296875 -0.70746791362762451172 -11.736995697021484375 -10.19684600830078125 -10.334382057189941406 -9.6232004165649414062 -10.278557777404785156 -8.9449777603149414062 36.05007171630859375 38.202716827392578125 4.1278634071350097656 -16.281459808349609375 -14.599251747131347656 -17.221467971801757812 -181.6269989013671875 -653.28631591796875 -800.936279296875 -829.9979248046875 -1032.3719482421875 -1165.218505859375 -1209.242919921875 -1290.216552734375 -1500.913818359375 -1579.0626220703125 -1621.30224609375
-389.034393310546875 -75.5194549560546875 -14.503701210021972656 -18.8744659423828125 -9.4824934005737304688 -5.8622922897338867188 -6.1655268669128417969 -6.4542360305786132812 -10.428736686706542969 -8.6772899627685546875 -8.836803436279296875 -8.7714929580688476562 -11.09821319580078125 1.9878771305084228516 -7.398281097412109375 -8.425304412841796875 -7.7212400436401367188 1.8372836112976074219 25.842836380004882812 34.18618011474609375 24.662418365478515625 13.994629859924316406 0.70867669582366943359 -11.441904067993164062 -17.324741363525390625 -24.546773910522460938 -29.236698150634765625 -44.216091156005859375 -486.97833251953125 -907.59246826171875 -1105.5133056640625 -1180.686279296875 -1181.8209228515625 -1354.35400390625 -1500.9412841796875 -1483.98388671875 -1625.2685546875 -1771.177001953125 -1912.2481689453125
-203.53643798828125 -37.65097808837890625 -16.9929962158203125 -18.397617340087890625 -5.0036678314208984375 -6.2757425308227539062 -9.429431915283203125 -12.9061737060546875 -6.8199200630187988281 -10.951440811157226562 -13.042452812194824219 -7.8662266731262207031 -7.3185791969299316406 31.494909286499023438 -16.826229095458984375 -9.3059434890747070312 -8.9345855712890625 -0.92147386074066162109 -9.4814519882202148438 -9.999019622802734375 7.3129949569702148438 -1.3132874965667724609 -14.996690750122070312 -219.9778900146484375 -485.593231201171875 -559.52032470703125 -580.04827880859375 -633.25213623046875 -881.2725830078125 -1155.3533935546875 -1388.4652099609375 -1534.52685546875 -1523.1334228515625 -1539.322265625 -1583.199462890625 -1809.34765625 -1805.0611572265625 -1987.4730224609375 -2143.596923828125
